1 0.3078685
2 0.36375818
3 0.21560995
4 0.22832736
5 0.2019834
6 0.19791226
7 0.1979084
8 0.21710867
9 0.22380248
10 0.20171514
11 0.41990256
12 0.404439
13 0.35615796
14 0.2201158
15 0.20139852
16 0.26836905
17 0.19800301
18 0.19802074
19 0.19792353
20 0.3140241
21 0.1980825
22 0.20537782
23 0.25132772
24 0.20230001
25 0.25593668
26 0.20685628
27 0.2218462
28 0.22713384
29 0.214879
30 0.1979084
31 0.1979084
32 0.23106512
33 0.3036758
34 0.29553172
35 0.31158772
36 0.3321036
37 0.46975678
38 0.5198752
39 0.5428454
40 0.65833235
41 0.8565413
42 0.85554135
43 0.8863143
44 0.72613376
45 0.45289686
46 0.3089494
47 0.2849374
48 0.27360812
49 0.22060332
50 0.1979084
51 0.1979084
52 0.2375138
53 0.21488245
54 0.21491732
55 0.20764785
56 0.25409
57 0.23467226
58 0.42756948
59 0.22621873
60 0.2309422
61 0.4085539
62 0.2285423
63 0.19590819
64 0.1979084
65 0.25985765
66 0.1979084
67 0.22931877
68 0.21791634
69 0.607043
70 0.3422241
71 0.475534
72 0.21490337
73 0.2149394
74 0.1979084
75 0.1979116
76 0.19798258
77 0.26314405
78 0.24473158
79 0.26477808
80 0.3308662