1 0.20822443
2 0.21601218
3 0.2395238
4 0.30125898
5 0.25261274
6 0.3123239
7 0.2976807
8 0.40520093
9 0.36338457
10 0.44030634
11 0.2245452
12 0.19793904
13 0.34016755
14 0.20170946
15 0.34205517
16 0.20142317
17 0.28519717
18 0.21912695
19 0.31031716
20 0.21913196
21 0.20141304
22 0.22623792
23 0.27304792
24 0.1979522
25 0.2086291
26 0.22731465
27 0.24821611
28 0.2121053
29 0.22313227
30 0.22509745
31 0.20607322
32 0.19920075
33 0.22017764
34 0.30431902
35 0.41933247
36 0.31002113
37 0.23257291
38 0.2024752
39 0.19920048
40 0.21710117
41 0.32051787
42 0.22878267
43 0.2724762
44 0.37919387
45 0.6988558
46 0.5798141
47 0.5777354
48 0.5646275
49 0.45336816
50 0.43817613
51 0.34251225
52 0.5388329
53 0.4551103
54 0.47650215
55 0.4769647
56 0.46441266
57 0.44027483
58 0.598734
59 0.40912247
60 0.39250356
61 0.38629764
62 0.2235116
63 0.22438541
64 0.21599087
65 0.20188278
66 0.22745182
67 0.20359588
68 0.2795659
69 0.25071153
70 0.25430337
71 0.27530453
72 0.1993403
73 0.20142856
74 0.2171036
75 0.2013762
76 0.21710114
77 0.23800316
78 0.23800987
79 0.20745157
80 0.21487844
81 0.19790846
82 0.24697047
83 0.3631258
84 0.275354
85 0.20442967
86 0.22712591
87 0.29400486
88 0.4287449
89 0.20142317
90 0.225097
91 0.21710114
92 0.19790846
93 0.21487866
94 0.2063902
95 0.38983
96 0.49368942
97 0.41551623
98 0.29820642
99 0.21495472
100 0.23593418
101 0.23571672
102 0.21450175
103 0.42004025
104 0.42845917
105 0.535073
106 0.5479687