1 0.44519353
2 0.21782136
3 0.25526893
4 0.23933508
5 0.24684691
6 0.38938743
7 0.43713924
8 0.26895988
9 0.28574803
10 0.458347
11 0.45100406
12 0.41531447
13 0.32633084
14 0.20143348
15 0.24713394
16 0.2603013
17 0.24272662
18 0.19935094
19 0.20144893
20 0.28519905
21 0.30549234
22 0.2772834
23 0.20166922
24 0.52268
25 0.4365743
26 0.6750773
27 0.6147801
28 0.8384679
29 0.46029413
30 0.7825858
31 0.5830608
32 0.58399606
33 0.56519645
34 0.6792913
35 1.0003092
36 0.9776315
37 0.81360483
38 0.5720907
39 0.56425315
40 0.19814108
41 0.2661192
42 0.22043008
43 0.20142019
44 0.20159523
45 0.20171121
46 0.19793886
47 0.2603127
48 0.20862305
49 0.29482356
50 0.45186895
51 0.5772481
52 0.53175837
53 0.37943205
54 0.59156203
55 0.46459076
56 0.48959032
57 0.48137838
58 0.3237288
59 0.23098469
60 0.23356669
61 0.25182238
62 0.547388