1 0.5130253
2 0.39982894
3 0.34591517
4 0.20267485
5 0.2325136
6 0.25730407
7 0.32917646
8 0.3452973
9 0.49540046
10 0.4956128
11 0.31344932
12 0.19835126
13 0.19979003
14 0.21716243
15 0.22527525
16 0.20215927
17 0.24810939
18 0.42020556
19 0.72846466
20 0.66363215
21 0.4605709
22 0.22009623
23 0.21710114
24 0.19790842
25 0.2426387
26 0.21487893
27 0.23093744
28 0.3366694
29 0.41278318
30 0.2059362
31 0.21847317
32 0.21710113
33 0.19920057
34 0.20359589
35 0.20137328
36 0.21710113
37 0.19790842
38 0.19790842
39 0.20359516
40 0.19791152
41 0.26708144
42 0.19590579
43 0.24258277
44 0.21488254
45 0.24575327
46 0.2148784
47 0.19790842
48 0.21498543
49 0.30303872
50 0.37675294
51 0.6771142
52 0.59719956
53 0.925694
54 0.76712847
55 0.6294615
56 0.77676404
57 0.78823006
58 0.68671393
59 0.71674454
60 0.7478422
61 0.7069607
62 0.37898433
63 0.1979954
64 0.21700925
65 0.20824598
66 0.2148784
67 0.2148784
68 0.22313343
69 0.23751932
70 0.2517864
71 0.40707532
72 0.27694508
73 0.22013715
74 0.19790842
75 0.19790842
76 0.2148784
77 0.25088716
78 0.19920056
79 0.20142333
80 0.2148784
81 0.2148784
82 0.3541607
83 0.4085519
84 0.41330412
85 0.22061224
86 0.21487886
87 0.26678127
88 0.20137343
89 0.21487848
90 0.19975255
91 0.19762209
92 0.19979453
93 0.21710166
94 0.2148784
95 0.2672945
96 0.19798529
97 0.24380873
98 0.24337938
99 0.20496187
100 0.2323702
101 0.2502138
102 0.3749612