1 0.29741827
2 0.20635952
3 0.21500336
4 0.6367433
5 0.19790845
6 0.23215483
7 0.42756438
8 0.44750836
9 0.236414
10 0.2223598
11 0.23799604
12 0.30514026
13 0.23799604
14 0.30514026
15 0.21210337
16 0.21710116
17 0.19920109
18 0.2566216
19 0.32265794
20 0.30507177
21 0.283281
22 0.19790845
23 0.19790845
24 0.22606075
25 0.21710116
26 0.20137332
27 0.20142317
28 0.384997
29 0.46754155
30 0.6262915
31 0.5336886
32 0.69946665
33 0.28177798
34 0.22935362
35 0.3044958
36 0.5240698
37 0.65883607
38 0.6581891
39 0.5323421
40 0.5527079
41 0.2636645
42 0.5379431
43 0.45561236
44 0.5922426
45 0.59507024
46 0.35905677
47 0.23027435
48 0.20359601
49 0.22509694
50 0.21710116
51 0.19790845
52 0.19790845
53 0.22980167
54 0.20638314
55 0.3153004
56 0.2251116
57 0.20142506
58 0.20155896
59 0.22312741
60 0.24514027
61 0.23799604
62 0.24514027
63 0.22312741
64 0.23241945
65 0.20603327
66 0.4424492
67 0.30824745
68 0.23215483
69 0.19790845
70 0.20170945
71 0.5223559
72 0.19790845
73 0.56406665