1 0.48986688
2 0.44967574
3 0.47729826
4 0.3410873
5 0.20855033
6 0.23750432
7 0.19790845
8 0.19790843
9 0.21710116
10 0.20143501
11 0.25163195
12 0.2730452
13 0.20137317
14 0.21922982
15 0.21710114
16 0.20099421
17 0.21819218
18 0.29254386
19 0.32721147
20 0.29744428
21 0.21820238
22 0.19763212
23 0.19790843
24 0.21391046
25 0.19790843
26 0.2507252
27 0.21487841
28 0.20359594
29 0.19792524
30 0.22801378
31 0.20216703
32 0.2251161
33 0.20270576
34 0.23241603
35 0.43674186
36 0.58069825
37 0.72518176
38 0.70038795
39 0.64211243
40 0.771312
41 0.56501454
42 0.6808445
43 0.7814901
44 0.5841656
45 0.8068562
46 0.47514877
47 0.51311696
48 0.5338964
49 0.20183627
50 0.23257342
51 0.24340503
52 0.23967007
53 0.2285105
54 0.20191379
55 0.2004679
56 0.21710114
57 0.340164
58 0.19790843
59 0.21487841
60 0.22439963
61 0.29273555
62 0.22733861
63 0.22676887
64 0.31390497
65 0.3269801
66 0.3676185
67 0.22845933
68 0.20824593
69 0.21487841
70 0.22013704
71 0.25501972
72 0.34482896
73 0.27053043
74 0.20377079
75 0.21489275
76 0.19790843
77 0.19790845
78 0.19790843
79 0.2233917
80 0.37177652
