1 0.60414153
2 0.45146078
3 0.5663946
4 0.43858865
5 0.32682276
6 0.1979215
7 0.23909208
8 0.19790845
9 0.19790843
10 0.19790843
11 0.22951351
12 0.19800477
13 0.26357186
14 0.2344736
15 0.2038123
16 0.21488944
17 0.19790843
18 0.19790843
19 0.21487844
20 0.23909207
21 0.31327197
22 0.5935721
23 0.3508722
24 0.292676
25 0.22940019
26 0.20883276
27 0.21390827
28 0.34448057
29 0.30969897
30 0.28750196
31 0.25426492
32 0.35631388
33 0.29154223
34 0.22277963
35 0.20203625
36 0.28300518
37 0.23815328
38 0.2601434
39 0.2708909
40 0.41416296
41 0.5086968
42 0.5840369
43 0.56097585
44 0.455569
45 0.47975355
46 0.35080886
47 0.29942483
48 0.2271382
49 0.22604409
50 0.20210704
51 0.21601585
52 0.2036884
53 0.2566595
54 0.21826528
55 0.26887456
56 0.31437322
57 0.3202821
58 0.31553406
59 0.20902911
60 0.23649791
61 0.36811677
62 0.4255741
63 0.27240855
64 0.19997913
65 0.26836848
66 0.21487844
67 0.19790843
68 0.19790843
69 0.22873408
70 0.20783843
71 0.30590928
72 0.35668248
73 0.26999334
74 0.22013712
75 0.19790843
76 0.19790843
77 0.19790897
78 0.19790843
79 0.19790845
80 0.2846497