1 0.55018586
2 0.620513
3 0.7991446
4 0.5920327
5 0.6533333
6 0.8323312
7 0.83610773
8 0.87845266
9 0.74749285
10 0.5135222
11 0.5976571
12 0.23407525
13 0.22510745
14 0.22516453
15 0.29742733
16 0.1996147
17 0.2364251
18 0.36630726
19 0.4583117
20 0.22961421
21 0.19790773
22 0.361453
23 0.5891907
24 0.21488221
25 0.30165678
26 0.25899762
27 0.21488014
28 0.19791219
29 0.19790842
30 0.2362498
31 0.4066446
32 0.23744535
33 0.24096389
34 0.31351906
35 0.2504307
36 0.40963832
37 0.28827968
38 0.22061716
39 0.19790849
40 0.20975675
41 0.19790842
42 0.40582547
43 0.41312888
44 0.38449422
45 0.34415603
46 0.23035577
47 0.21710202
48 0.19790858
49 0.20136157
50 0.33989546
51 0.49457556
52 0.82673955
53 0.5229813
54 0.739534
55 0.50872916
56 0.68729854
57 0.29517362
58 0.39073634
59 0.19790941
60 0.21487954
61 0.21710119
62 0.20734684
63 0.2035959
64 0.19979489
65 0.19790842
66 0.2577736
67 0.45551065
68 0.40532693
69 0.19985688
70 0.23173186
71 0.19790846
72 0.24158339
73 0.19790842
74 0.19791219
75 0.19790842
76 0.26718038
77 0.23909992
78 0.19791123
79 0.20360738
80 0.23910695
81 0.23520067
82 0.7118029
83 0.23513287
84 0.2233697
85 0.45867646
86 0.44864196
87 0.1996147
88 0.19920054
89 0.28804564
90 0.5572064
91 0.21713667
92 0.22205588
93 0.48438933
94 0.55183136
95 0.6239985
96 0.58746564
97 0.6185522
98 0.72681576
99 0.7320596
100 0.9768584
101 0.94699824
102 0.47567683
103 0.9288049
104 0.87821585
105 0.6765582
106 0.7980137