1 0.276578
2 0.20863399
3 0.19790834
4 0.21487845
5 0.19790834
6 0.19790834
7 0.19790834
8 0.20359589
9 0.19790834
10 0.21487845
11 0.20404272
12 0.37428194
13 0.3028318
14 0.20560256
15 0.21487845
16 0.20170942
17 0.19790834
18 0.19790834
19 0.27290198
20 0.19790931
21 0.21633409
22 0.20437087
23 0.39551625
24 0.44758046
25 0.20147456
26 0.21923748
27 0.19808722
28 0.19794622
29 0.2017088
30 0.2013866
31 0.21710126
32 0.20734665
33 0.22292098
34 0.2767409
35 0.23612949
36 0.21417117
37 0.30005723
38 0.22288696
39 0.19814691
40 0.30765468
41 0.20659016
42 0.40683636
43 0.47497693
44 0.41614905
45 0.19799252
46 0.22243695
47 0.27644026
48 0.36858165
49 0.23552851
50 0.26360697
51 0.2119039
52 0.22303602
53 0.26939568
54 0.2360079
55 0.20359589
56 0.225097
57 0.20358497
58 0.2013866
59 0.22400975
60 0.2970795
61 0.30979043
62 0.23131566
63 0.28010902
64 0.40126485
65 0.2634499
66 0.23503684
67 0.20171191
68 0.2854777
69 0.19790834
70 0.19790837
71 0.19790834
72 0.22013715
73 0.2925902
74 0.404984
75 0.40221953
76 0.21437834
77 0.21487845
78 0.20170942
79 0.2795656
80 0.20142329
81 0.19790834
82 0.19790834
83 0.22733307
84 0.19790834
85 0.19790834
86 0.33842444
87 0.3756101
88 0.46073186
89 0.5999285
90 0.5426051
91 0.68389803
92 0.5156448
93 0.48811492
94 0.45416728
95 0.5546633
96 0.66085607