1 0.3244327
2 0.2303591
3 0.37690654
4 0.83565044
5 0.43370697
6 0.338675
7 0.20001876
8 0.21492812
9 0.19979721
10 0.23368943
11 0.3542649
12 0.37258956
13 0.33588153
14 0.2097668
15 0.24555314
16 0.2048317
17 0.28425726
18 0.29008225
19 0.20874909
20 0.19794516
21 0.19794129
22 0.27581552
23 0.21863252
24 0.19790846
25 0.19793251
26 0.19816886
27 0.19790846
28 0.24431314
29 0.2427345
30 0.19792992
31 0.22099274
32 0.20172681
33 0.22509702
34 0.20359597
35 0.19790846
36 0.1992277
37 0.19790846
38 0.19790846
39 0.22254857
40 0.33245373
41 0.30197218
42 0.46669987
43 0.27339908
44 0.41007707
45 0.69642216
46 0.64255834
47 0.49598542
48 0.54455686
49 0.26876205
50 0.4413238
51 0.38698542
52 0.35335022
53 0.221304
54 0.19790846
55 0.19790846
56 0.23751365
57 0.2013716
58 0.19790846
59 0.22551839
60 0.2499464
61 0.22493479
62 0.2178087
63 0.199044
64 0.24883468
65 0.2448308
66 0.19816886
67 0.19790846
68 0.19790846
69 0.19790846
70 0.24724172
71 0.20146336
72 0.19835885
73 0.22674721
74 0.33484238
75 0.5201759
76 0.5123898
77 0.47894642
78 0.39365092
79 0.2624412
80 0.20688118
81 0.25290543
82 0.26929495
83 0.24017204
84 0.2062959
85 0.20955281
86 0.21544527
87 0.2099229
88 0.43659303
89 0.36412865
90 0.4647552
91 0.3352414
92 0.26904774
93 0.2673039
94 0.3405424
95 0.51294476
96 0.50744003
97 0.6788539
98 0.5414436
99 0.515073
100 0.5941317